[21006540, 25, 34, 307, 82, 27]
[3040, 579, 5, 7, 113, 25, 1]
[313997964, 683, 8, 1, 65, 50, 7, 581, 6, 2]
[3271266, 4, 95, 3, 2, 17, 7, 3, 2, 2, 8]
[10282, 9, 3, 7, 35, 587]
[2453134, 2, 444, 1, 7, 784]
[415875, 630, 330, 9, 2, 27, 27, 3]
[72142, 6, 6, 2, 144, 1]
[1651601, 2, 27, 38, 5, 326, 601]
[7624420281, 8, 9, 44, 6, 270, 916, 437, 1]
[113837, 199, 6, 164, 65, 80]
[12739906141957, 9, 4, 5, 55, 3, 5, 484, 86, 9, 5, 8]
[32982, 1, 13, 55, 2, 46]
[2409169969, 4, 669, 849, 6, 5, 1, 3, 3, 8, 1, 4]
[1908, 3, 286, 901, 1, 131, 1, 6, 7, 3]
[4027776, 2, 2, 300, 22, 42, 7, 7, 92, 9, 7]
[680029, 16, 182, 9, 6, 7, 7]
[840365, 8, 77, 28, 13, 31, 63]
[2124871, 35, 18, 8, 1, 333]
[6920395595, 768, 924, 7, 5, 9, 1, 3, 9, 3, 6]
[1453, 24, 774, 81, 1, 7, 12, 554]
[63376011440420, 489, 6, 9, 6, 7, 3, 430, 8, 420]
[6019752, 720, 5, 47, 2, 9, 9, 1, 9, 4, 7, 4, 6]
[879537, 91, 4, 892, 48, 7]
[25065934, 643, 8, 9, 8, 486]
[3162431, 7, 9, 9, 4, 81, 720, 92, 8, 6, 33]
[31675, 1, 200, 4, 6, 64, 944, 26, 6, 1]
[1338679, 9, 859, 52, 4, 43]
[1188156, 99, 24, 5, 2, 13, 5]
[3752, 65, 76, 9, 5, 5]
[2545320, 39, 3, 2, 8, 217, 287, 60]
[48411, 9, 1, 62, 16, 76, 75]
[23041864, 89, 4, 6, 4, 2, 1, 493, 8, 127]
[22410125397, 287, 3, 4, 372, 25, 78]
[48469384739103, 760, 9, 98, 84, 2, 1, 4, 325, 2]
[94089, 2, 801, 82, 1, 72, 98, 303]
[1781386252870, 836, 296, 857, 84, 70]
[842184572761, 2, 1, 484, 3, 5, 56, 9, 7, 7, 7, 2, 7]
[133427407696488, 13, 342, 740, 7, 69, 6, 48, 8]
[9110979, 5, 9, 2, 36, 4, 8, 2, 125, 81, 1, 9]
[8910566, 6, 95, 319, 8, 7, 61, 8, 7, 18, 3]
[51357096, 3, 3, 870, 937, 8, 5, 3, 2, 7]
[34446426337, 5, 29, 4, 464, 2, 63, 34]
[3774387, 9, 4, 80, 94, 386]
[12236656, 4, 3, 4, 89, 92, 4, 701]
[303317, 2, 300, 56, 75, 4]
[775, 67, 19, 35, 34, 5]
[50310516, 779, 9, 586, 6, 4, 27, 87, 5]
[6496490884, 7, 1, 2, 9, 643, 5, 306, 8, 2, 8, 1]
[2832005402, 6, 9, 8, 6, 3, 775, 3, 7, 75, 56]
[8586378, 20, 1, 678, 211, 966, 3]
[1119486, 38, 1, 982, 3, 7]
[1610081198, 142, 7, 325, 623, 8]
[106848644, 35, 64, 477, 5, 92, 53]
[268950872, 827, 6, 661, 82, 548]
[1128001681, 8, 813, 4, 720, 68, 85, 27, 1]
[14455944, 8, 6, 9, 66, 8, 34, 1, 236, 9, 41]
[4876, 8, 7, 45, 58, 903]
[483548290, 302, 2, 435, 31, 8, 40]
[297919, 2, 97, 8, 31, 86]
[5462, 54, 53, 9]
[59689244, 215, 83, 2, 89, 245]
[5760, 10, 950, 6]
[5133911, 85, 5, 651, 1, 6]
[2871090, 30, 8, 5, 70, 73, 9]
[1617, 90, 5, 9, 455, 703]
[6280016, 42, 32, 674, 4, 778]
[358324443, 3, 55, 34, 9, 9, 3, 9, 4, 43, 7, 1, 9]
[128522528, 304, 5, 7, 5, 2, 5, 8, 4, 46, 262]
[29725099907, 91, 9, 732, 316, 46, 788]
[17430, 60, 7, 107, 25, 3, 4]
[68861, 6, 834, 12, 66, 75, 9]
[395388218061, 207, 717, 6, 185, 82, 4, 24]
[671680, 8, 3, 56, 22, 7, 173, 8]
[2078072263003, 45, 7, 928, 3, 8, 7, 143, 7]
[23591001606, 2, 270, 97, 6, 6, 8, 8, 3, 8, 45, 8]
[5028844, 2, 3, 645, 992, 8, 1, 977, 38]
[94156170, 793, 253, 178, 9, 8, 9]
[653437159, 8, 8, 903, 735, 9, 95, 2]
[3187533, 31, 1, 8, 75, 33]
[6465002135, 30, 9, 5, 9, 4, 17, 208, 85, 37]
[41084417, 972, 1, 1, 6, 7, 6, 8, 410, 1, 3, 5]
[60327030962, 9, 183, 95, 1, 2, 9, 34, 630]
[282131, 3, 35, 36, 475, 1, 3, 8, 906, 1]
[1022, 9, 4, 5, 598, 60]
[4718700332943, 269, 2, 7, 8, 8, 1, 649, 98, 9, 3]
[26119, 98, 4, 7, 817, 1, 8, 774, 9, 6, 7]
[503041408658, 5, 8, 1, 192, 3, 5, 17, 8, 8, 695]
[13044655, 4, 4, 305, 82, 8]
[19605, 73, 2, 2, 580, 3, 58, 21, 8, 4]
[161523933627, 4, 74, 8, 4, 706, 1, 966, 6, 15]
[48946195, 3, 43, 268, 27, 8, 445, 90, 4]
[318503, 401, 862, 7, 4, 5, 50, 3]
[29960, 298, 2, 6, 1, 79]
[54432, 18, 503, 1, 6, 1, 8, 3, 3, 5, 2, 1, 8]
[637403878, 5, 29, 5, 5, 609, 49, 8, 115]
[14447102, 8, 9, 9, 4, 29, 66, 6, 2, 7, 2, 2, 32]
[3389068798, 584, 26, 6, 496, 75]
[580304, 66, 7, 87, 1, 7]
[536740859878, 7, 6, 6, 7, 724, 2, 5, 696, 7, 3]
[1876678, 40, 1, 195, 24]
[30988, 67, 576, 48, 94, 27]
[23031904, 7, 2, 2, 7, 7, 89, 8, 5, 873, 4]
[73175223, 2, 39, 3, 9, 8, 3, 1, 4, 4, 856, 3, 1]
[2880, 2, 1, 2, 10, 9, 8]
[362226, 53, 3, 6, 7, 89, 4, 1, 98, 7, 9, 4, 5]
[12825653249, 12, 9, 2, 4, 9, 4, 7, 624, 1, 930]
[119, 26, 5, 1, 85, 2]
[331875, 3, 910, 355, 233, 74]
[574350655, 7, 347, 311, 75, 65, 5]
[3833636857, 931, 3, 1, 7, 264, 4, 368, 55]
[16823, 2, 1, 922, 757, 3]
[106905191, 2, 3, 8, 6, 3, 7, 148, 9, 7, 4, 9, 1]
[464946, 28, 8, 240, 540, 396, 9]
[11098882298, 842, 822, 667, 2, 298]
[22417725, 3, 474, 3, 9, 239]
[2708076, 4, 51, 275, 6, 6, 390]
[1223586, 5, 22, 83, 6, 91]
[1191895808, 433, 4, 95, 957, 4, 30, 36, 2]
[3738722521, 9, 3, 183, 3, 5, 9, 45, 4, 6, 1, 7, 7]
[118272019, 8, 33, 5, 8, 7, 200, 8, 5, 9, 5]
[3517931104, 2, 4, 3, 2, 9, 5, 5, 9, 24, 555, 2, 1]
[18725, 214, 4, 81, 980, 86]
[1354914, 50, 499, 1, 139, 54, 54]
[5843988, 8, 46, 283, 1, 85, 2, 3, 68]
[20169406713231, 521, 1, 733, 387, 323, 1]
[744800781612, 1, 919, 6, 4, 3, 735, 809]
[1073511148, 153, 2, 2, 3, 5, 8, 7, 10, 3, 5, 7, 3]
[3765387711, 7, 5, 7, 90, 964, 2, 4, 5, 6, 3, 6, 3]
[885288, 51, 5, 3, 573, 6]
[106496424722, 26, 9, 30, 7, 1, 84, 645, 4]
[307722, 1, 5, 155, 6, 5, 1, 3, 215, 2, 3, 9]
[424903131831, 2, 3, 399, 3, 6, 467, 82, 19, 4]
[4496526097, 707, 636, 609, 1, 5]
[6502368, 430, 97, 511, 2, 154, 26]
[241927984079015, 40, 321, 3, 3, 6, 407, 901, 6]
[517438860, 900, 7, 6, 4, 4, 8, 5, 4, 2, 2, 205]
[2204113, 22, 5, 201, 1, 2, 9, 3]
[1171449, 918, 154, 2, 992, 51]
[37502, 1, 4, 808, 5, 4, 869, 9, 3, 509]
[341910332, 684, 495, 5, 580, 3, 4, 26, 3]
[517919876, 225, 23, 8, 2, 337, 875]
[20889447610522, 29, 72, 9, 4, 47, 6, 105, 11, 9]
[686554, 4, 682, 131, 420, 3]
[422432339989, 80, 132, 8, 8, 6, 783, 16, 8, 5]
[1798207863, 364, 6, 486, 7, 76, 8, 95]
[2895657, 579, 5, 656]
[2226125, 1, 4, 39, 6, 21, 23, 7, 31, 23, 1]
[74874120, 886, 248, 490, 34, 10]
[88183, 9, 27, 377, 3, 56, 1, 46]
[20224434, 4, 64, 79, 424, 7]
[1326312959, 202, 8, 654, 9, 60]
[122921784, 1, 8, 3, 3, 2, 2, 347, 6, 5, 7, 9, 8]
[11486471, 1, 700, 447, 6, 472]
[1636, 648, 214, 6, 157, 611]
[326862, 9, 7, 9, 345, 2, 5, 156, 5, 3, 34]
[1611934626601, 67, 2, 422, 230, 426, 565]
[747063553, 4, 1, 8, 1, 5, 5, 4, 3, 4, 3, 3, 550]
[144369984, 594, 344, 735, 44, 16]
[8047003, 203, 54, 11, 3, 639, 8, 605]
[66526096669, 336, 4, 2, 671, 394, 421, 7]
[30115, 1, 286, 6, 25, 95]
[19459406871, 654, 58, 567, 57, 9]
[107920042, 33, 53, 23, 99, 99, 7, 7, 65]
[10886538069, 27, 9, 5, 6, 2, 7, 2, 390, 3, 3, 3, 2]
[10757568077, 7, 4, 7, 3, 2, 4, 1, 1, 5, 5, 680, 74]
[161169, 8, 50, 846, 37, 93]
[107336, 33, 74, 3, 37, 2]
[8112, 6, 6, 126, 5, 5, 1, 7, 8, 3, 7, 501]
[90895, 6, 992, 4, 15, 6, 708, 3, 4]
[16482, 1, 15, 2, 969, 9]
[34835544666, 754, 66, 7, 3, 638, 7, 8]
[793985902, 7, 86, 7, 985, 901]
[114481765103, 572, 3, 1, 5, 2, 88, 17, 8, 5, 2, 2]
[33518397499, 33, 517, 47, 83, 9, 74, 96, 1]
[1931715, 374, 514, 899, 36, 3]
[33334170, 75, 351, 782, 63, 146, 73]
[8913, 7, 966, 861, 7, 76]
[47564, 3, 9, 1, 8, 8, 797, 3, 8, 2, 3, 914]
[97089601, 33, 9, 5, 895, 64]
[29941, 2, 33, 2, 9, 379]
[64044390, 108, 593, 32, 6, 3, 5]
[326823, 9, 95, 6, 99, 3, 17, 3, 65]
[43876526, 23, 7, 277, 765, 27]
[931, 3, 1, 1, 8, 919]
[5221582651, 77, 8, 972, 494, 265, 4]
[328090, 1, 6, 4, 8, 4, 9, 5, 1, 390, 4, 86]
[587, 1, 1, 30, 6, 407]
[140921, 6, 5, 36, 427, 5, 2, 9]
[3997184, 906, 5, 407, 422]
[276838647, 775, 2, 3, 105, 7, 6, 4, 81, 87]
[17133, 349, 6, 8, 367, 14]
[2070007086, 5, 78, 945, 32, 9, 3, 312, 5, 6]
[3961189205, 8, 6, 8, 7, 14, 86, 4, 4, 2, 70, 9, 5]
[598960, 42, 7, 5, 2, 958]
[107678536388, 63, 9, 61, 7, 8, 481, 5, 8, 481]
[965, 4, 76, 3, 75, 650]
[5861399, 94, 54, 784, 1, 397]
[25026942, 904, 41, 7, 3, 2, 75, 5, 66, 9, 3]
[530568080, 728, 9, 77, 3, 720, 83]
[41680581411, 597, 1, 430, 698, 9]
[54302894542, 6, 1, 3, 46, 15, 6, 6, 5, 4, 949, 9]
[582713856278, 5, 85, 1, 1, 192, 9, 95, 7, 78, 9]
[195214456, 3, 9, 554, 4, 524, 1, 4, 68, 56]
[2038083709, 3, 7, 7, 9, 5, 88, 3, 6, 47, 4, 4, 2]
[459326, 58, 2, 1, 89, 1, 86]
[17396638, 9, 7, 635, 5, 8, 6, 3, 1, 8, 95, 48]
[1041625, 55, 1, 7, 6, 9, 5, 50, 25, 9, 6]
[2819210944, 9, 910, 618, 557, 3]
[15585540419, 95, 7, 4, 23, 9, 7, 1, 2, 5, 6, 2, 59]
